967.0000 
1041.2884 
1086.4456 
1087.1426 
1047.1155 
991.7273 
946.6799 
935.7058 
971.7289 
1039.7322 
1114.5698 
1167.5416 
1174.4099 
1136.3675 
1071.2293 
1008.1474 
978.5116 
994.6826 
1050.2907 
1119.8108 
1174.6300 
1191.7182 
1164.7819 
1105.0362 
1041.7550 
1004.8885 
1011.5986 
1060.1476 
1130.8160 
1193.1445 
1220.4013 
1202.3154 
1147.3722 
1082.3796 
1037.0334 
1033.5647 
1069.9677 
1134.4018 
1198.4348 
1234.5541 
1231.4734 
1189.8563 
1129.0012 
1077.1191 
1059.3976 
1083.5508 
1140.2647 
1207.6336 
1256.8707 
1266.2044 
1232.7645 
1174.7165 
1117.5867 
1088.4889 
1100.8591 
1155.3696 
1227.8780 
1288.5077 
1313.7009 
1293.8034 
1240.5193 
1179.0683 
1138.9752 
1141.8433 
1187.6366 
1254.1273 
1318.1663 
1351.7452 
1341.6710 
1293.4416 
1229.9810 
1181.2150 
1171.0047 
1206.1818 
1271.3583 
1338.7610 
1378.6875 
1378.0154 
1337.7398 
1275.4106 
1223.1225 
1202.0592 
1221.1179 
1272.2800 
1331.9508 
1371.7184 
1371.9193 
1329.0696 
1261.0634 
1195.9152 
1158.7923 
1167.2551 
1216.3340 
1284.2065 
1334.5802 
1349.6160 
1320.3651 
1252.9969 
1177.8617 
1125.2626 
1114.9504 
1146.7771 
1204.5543 
1258.5579 
1279.7345 
1257.4818 
1196.6836 
1120.0806 
1059.4329 
1036.7800 
1055.6736 
1107.5321 
1161.2053 
1188.8218 
1173.1635 
1115.8720 
1042.3810 
979.6367 
952.2531 
969.8200 
1019.3982 
1076.7223 
1113.8696 
1109.1959 
1064.6723 
999.0233 
933.3744 
897.7073 
906.6159 
954.5624 
1016.7115 
1066.9595 
1081.7259 
1052.9024 
992.0811 
923.8561 
875.9240 
870.8806 
909.2731 
973.3121 
1032.0743 
1062.5596 
1049.5193 
997.5110 
928.8858 
873.2078 
854.1861 
880.4024 
939.9638 
1004.9125 
1046.0987 
1046.5718 
1005.2281 
940.8246 
881.3759 
855.1973 
872.4279 
924.6721 
990.3847 
1038.2840 
1046.6511 
1010.9681 
947.2481 
881.7974 
842.8368 
849.5173 
897.8252 
967.0525 
1028.2940 
1052.6806 
1031.0513 
973.2989 
903.0502 
853.1643 
845.7337 
884.2133 
953.0069 
1017.4647 
1050.5169 
1038.1467 
986.6293 
917.4265 
859.8774 
841.8837 
868.9691 
929.2321 
997.1627 
1039.9303 
1040.6503 
999.5175 
934.4667 
875.9913 
850.7729 
871.6464 
928.6506 
996.4216 
1045.4641 
1053.5146 
1016.7459 
952.0244 
888.2215 
854.0149 
862.1982 
909.7410 
974.2300 
1029.2800 
1050.9921 
1029.7502 
976.4282 
912.2289 
866.1369 
858.0165 
891.0564 
953.2131 
1016.8456 
1051.8087 
1044.2688 
998.0569 
934.5041 
881.7056 
863.8076 
888.7003 
943.8292 
1005.6144 
1046.1633 
1047.1162 
1008.0583 
946.1109 
888.7350 
859.6389 
873.9779 
925.5964 
991.5518 
1045.0000 
1059.5152 
1029.4547 
968.5327 
904.9020 
865.7989 
868.5611 
913.6134 
980.5198 
1039.8825 
1065.8263 
1046.8253 
991.4804 
924.1284 
873.3020 
860.4342 
891.9625 
954.0117 
1021.7271 
1060.8680 
1056.2733 
1012.6464 
948.3072 
893.8433 
873.9310 
894.8351 
950.5619 
1014.2360 
1054.9686 
1060.3633 
1024.1178 
962.3320 
899.9700 
868.4463 
881.0198 
931.5882 
999.4293 
1054.3698 
1073.0052 
1048.2288 
989.5834 
924.5589 
881.9329 
880.7386 
923.0648 
988.7285 
1046.0174 
1072.9765 
1054.7133 
998.3489 
933.3562 
886.1711 
878.8915 
916.7343 
980.7402 
1044.7930 
1081.0302 
1072.9098 
1025.7116 
958.6674 
899.5859 
880.0067 
906.2661 
967.3476 
1035.4364 
1080.9780 
1085.5382 
1047.7785 
985.3875 
924.8247 
893.9148 
908.4449 
960.9448 
1029.9270 
1086.2393 
1107.8327 
1092.7392 
1053.3256 
1018.5129 
1024.7943 
1116.5656 
1249.7159 
1405.4808 
1525.8827 
1587.7394 
1574.7854 
1508.4019 
1429.4116 
1368.4064 
1345.9568 
1366.1351 
1415.4727 
1467.0364 
1489.0329 
1467.7552 
1406.3536 
1327.4654 
1258.0105 
1222.5260 
1231.0281 
1277.1505 
1330.8878 
1362.3205 
1348.8423 
1287.3193 
1198.7834 
1112.0482 
1053.3267 
1035.1851 
1067.5896 
1113.8635 
1143.3959 
1135.5985 
1082.8050 
996.7180 
908.8687 
845.1832 
823.3518 
845.7701 
894.5648 
940.8251 
957.6820 
929.3476 
865.1504 
789.1156 
724.8681 
697.6890 
712.5990 
754.0823 
797.6569 
817.6188 
797.0585 
736.1672 
655.4394 
582.4488 
541.3861 
544.5994 
583.6987 
640.9510 
692.4973 
712.7175 
704.7960 
672.2649 
641.8411 
634.2125 
665.4595 
732.8448 
815.6788 
883.7833 
912.2172 
897.0727 
845.2748 
784.0988 
744.8062 
743.3917 
785.3244 
854.3985 
925.3999 
962.5584 
954.9697 
910.8809 
851.5217 
807.1460 
800.9586 
839.4141 
911.1680 
989.6511 
1046.6762 
1060.8611 
1031.1021 
976.3893 
924.8601 
908.3327 
938.0860 
1006.2509 
1091.4022 
1157.3691 
1182.6651 
1162.8211 
1108.7207 
1050.2291 
1015.8975 
1023.2979 
1073.2919 
1143.9708 
1207.7957 
1234.6152 
1215.1925 
1159.8706 
1093.2217 
1047.4759 
1043.2425 
1083.1620 
1150.5250 
1217.3818 
1255.3687 
1247.3183 
1196.6526 
1127.4965 
1069.8611 
1050.4275 
1076.9691 
1136.6464 
1202.4171 
1244.2991 
1243.6199 
1200.3984 
1133.9078 
1074.4685 
1047.3866 
1063.9404 
1118.6144 
1186.1917 
1237.2167 
1250.3069 
1219.1403 
1160.6149 
1104.0114 
1069.9566 
1078.9893 
1127.7643 
1192.2534 
1248.4726 
1271.8883 
1252.7782 
1202.3361 
1142.8742 
1102.9455 
1102.0247 
1142.2992 
1208.1898 
1271.8806 
1307.5636 
1301.2186 
1257.3194 
1198.0864 
1149.6310 
1134.5754 
1160.6606 
1215.0696 
1275.0589 
1315.2065 
1319.0391 
1282.1283 
1221.0525 
1164.1481 
1137.2118 
1151.4120 
1201.7154 
1265.4468 
1316.0152 
1329.9610 
1300.8094 
1241.3273 
1175.4213 
1133.1245 
1132.1492 
1172.1619 
1236.5023 
1294.2081 
1317.9920 
1296.1859 
1238.3614 
1169.1750 
1118.3486 
1104.9791 
1134.9473 
1194.1167 
1253.9827 
1286.0605 
1274.4285 
1221.4422 
1148.9431 
1087.4722 
1061.9240 
1079.9483 
1133.2165 
1195.4706 
1236.9231 
1234.9234 
1188.6942 
1116.0192 
1049.3376 
1013.9784 
1022.9521 
1069.9208 
1129.5366 
1173.5483 
1179.0216 
1139.8461 
1070.6091 
998.3162 
952.0904 
946.6126 
986.2223 
1050.6165 
1107.1854 
1126.4748 
1101.5674 
1042.1738 
969.9817 
917.8607 
906.4212 
938.5044 
997.4123 
1057.4535 
1090.9438 
1081.3835 
1033.2168 
966.3582 
909.4365 
888.0079 
910.5741 
967.1235 
1033.7725 
1080.0585 
1085.7925 
1048.7529 
986.3641 
922.9134 
886.5263 
893.8568 
942.0394 
1007.7042 
1061.0176 
1075.4115 
1047.9387 
989.3595 
923.5887 
879.2459 
876.6998 
916.3215 
979.2124 
1039.5116 
1069.2540 
1054.8601 
1004.9714 
940.9343 
891.6082 
877.0782 
903.5995 
960.7224 
1023.8054 
1063.6175 
1060.7633 
1017.7561 
956.1469 
901.0945 
877.5435 
895.3583 
950.8401 
1017.1643 
1064.6554 
1072.0558 
1036.4056 
973.1544 
910.1369 
874.4539 
884.2633 
934.2874 
1002.1598 
1057.9385 
1076.4304 
1050.0279 
993.4590 
930.2339 
889.3232 
889.8103 
931.0525 
996.0362 
1056.1331 
1084.5093 
1067.1457 
1011.9275 
942.5240 
890.5157 
880.1149 
915.7460 
981.7077 
1046.1155 
1084.1894 
1079.3024 
1032.0902 
965.9889 
909.2085 
886.8645 
910.0988 
966.3889 
1031.5286 
1080.1951 
1086.0722 
1048.2674 
984.0583 
923.3032 
890.9161 
901.3545 
947.8612 
1010.4454 
1062.5756 
1080.9500 
1057.8860 
1002.3039 
939.3357 
897.1632 
892.9273 
929.2918 
989.5327 
1050.4547 
1083.9866 
1075.6430 
1030.8342 
964.2557 
911.5672 
896.4592 
924.1154 
982.3746 
1044.6406 
1082.2270 
1081.8121 
1040.1815 
975.9774 
917.2487 
891.7668 
911.2342 
967.7421 
1037.0545 
1086.7799 
1095.2136 
1057.3707 
991.4675 
925.5489 
887.8368 
894.5173 
942.7552 
1010.2182 
1065.7000 
1086.9921 
1062.5764 
1002.9710 
937.0420 
892.0045 
888.7045 
930.0639 
994.7129 
1057.8264 
1091.6686 
1080.0184 
1029.2442 
962.5841 
909.9404 
893.3866 
921.8652 
983.4748 
1052.8454 
1094.0832 
1092.6433 
1049.3261 
981.3955 
920.9691 
894.4251 
914.5787 
972.1815 
1040.4449 
1089.6683 
1098.4387 
1065.0738 
1005.0034 
946.9601 
912.8982 
919.0686 
963.4061 
1025.7353 
1078.6488 
1097.8439 
1073.6358 
1018.1540 
953.6291 
908.5173 
901.8368 
940.0273 
1006.1466 
1071.8923 
1108.2952 
1103.1218 
1059.1700 
996.3372 
943.6590 
927.6629 
956.7668 
1019.8152 
1103.2025 
1177.1902 
1230.7743 
1274.9148 
1298.5344 
1325.7070 
1365.0064 
1412.1110 
1475.3327 
1535.3943 
1578.0432 
1584.4802 
1548.6262 
1484.1044 
1414.4283 
1367.5901 
1360.7642 
1393.5773 
1448.2211 
1494.5232 
1505.3479 
1471.8965 
1406.5819 
1333.6255 
1277.7594 
1257.8216 
1278.5949 
1324.8051 
1364.1659 
1374.9602 
1341.7645 
1267.1797 
1177.6234 
1099.7324 
1056.9357 
1060.5609 
1095.1605 
1138.5814 
1158.4354 
1136.6970 
1072.3733 
982.8267 
895.2664 
838.0367 
826.3255 
856.7352 
907.5681 
943.6953 
941.5128 
896.5777 
821.5578 
743.4586 
691.4731 
678.8915 
707.5630 
757.8067 
797.8167 
805.7128 
768.9781 
695.2077 
610.7763 
545.0159 
519.0140 
541.6363 
597.6609 
657.1466 
692.8971 
698.4559 
671.1702 
629.0852 
599.5217 
603.5108 
649.8355 
727.8516 
809.6196 
870.5019 
889.6642 
864.1438 
809.1669 
754.6194 
727.3314 
738.9816 
793.1245 
865.2456 
925.0899 
951.0031 
928.7999 
871.6955 
807.3647 
766.9051 
768.9892 
813.8606 
885.3910 
954.2596 
994.0544 
993.3396 
951.3308 
892.7196 
847.3083 
838.5379 
872.4420 
937.8741 
1010.3164 
1056.7155 
1060.3409 
1024.3851 
972.8551 
929.6126 
919.2261 
951.3840 
1015.5052 
1089.1223 
1143.0930 
1156.9730 
1127.2014 
1070.0541 
1013.5803 
985.0968 
998.6939 
1049.6619 
1115.3745 
1169.6339 
1187.4421 
1160.9929 
1104.4240 
1041.1989 
1001.2497 
1004.6166 
1049.4422 
1117.6371 
1180.5054 
1211.0414 
1196.4328 
1143.2542 
1074.5357 
1026.8471 
1014.9539 
1046.5044 
1111.7462 
1179.4258 
1222.4508 
1222.6664 
1181.2139 
1121.7731 
1072.3683 
1057.9439 
1082.6799 
1141.5686 
1210.5963 
1259.9827 
1266.6498 
1230.9652 
1171.7958 
1116.0220 
1089.4611 
1107.0441 
1163.6301 
1235.7815 
1295.5511 
1318.9231 
1296.5815 
1241.6960 
1179.1420 
1136.2496 
1138.5352 
1184.1401 
1254.7252 
1319.2470 
1352.9598 
1341.9510 
1291.3826 
1227.4587 
1178.7166 
1168.1861 
1202.3219 
1264.4819 
1329.4014 
1369.1477 
1366.7549 
1324.1581 
1260.4489 
1204.5999 
1180.8706 
1199.2552 
1250.7141 
1317.8550 
1365.9164 
1374.3863 
1341.5831 
1278.9156 
1214.5722 
1176.6128 
1178.9735 
1222.8567 
1286.4411 
1339.0431 
1356.8066 
1330.6231 
1270.5089 
1200.2602 
1149.8574 
1141.2250 
1178.2646 
1237.9638 
1294.8241 
1321.5017 
1302.6520 
1247.4729 
1177.4662 
1121.9509 
1103.2373 
1129.0963 
1185.7467 
1242.8780 
1275.5476 
1264.2909 
1209.0472 
1134.6370 
1067.6844 
1034.4065 
1047.3605 
1096.4802 
1156.1859 
1197.1841 
1200.9148 
1160.9279 
1093.0816 
1026.3988 
987.1106 
991.0803 
1035.5799 
1098.6291 
1150.0525 
1165.9629 
1136.6802 
1073.9895 
1003.9827 
954.7413 
944.4611 
977.2315 
1037.5679 
1097.5306 
1127.4539 
1116.2291 
1066.1630 
996.1307 
940.0965 
920.4879 
945.2487 
1003.9774 
1069.8769 
1112.9638 
1113.1967 
1071.9650 
1005.7806 
943.0489 
909.6330 
920.7959 
970.0830 
1034.4818 
1088.6091 
1106.0846 
1079.7628 
1020.2806 
956.2731 
916.5200 
918.3569 
959.8095 
1022.6073 
1078.4251 
1102.9289 
1083.1567 
1028.5761 
963.7095 
917.2028 
908.2463 
943.3977 
1009.7666 
1070.7493 
1105.5133 
1098.0446 
1047.9381 
980.5779 
922.9320 
898.1201 
925.4267 
984.9306 
1051.0225 
1094.6349 
1095.4811 
1053.4760 
986.6634 
930.0610 
904.7345 
923.5951 
979.9231 
1047.7268 
1099.3756 
1112.1441 
1080.8881 
1016.9627 
949.3606 
908.8943 
913.9277 
960.9901 
1030.2466 
1090.4153 
1117.9065 
1099.0027 
1040.3442 
971.0155 
920.7709 
910.6196 
943.4228 
1005.4870 
1068.4815 
1104.2577 
1099.7371 
1055.5972 
992.5298 
939.9277 
918.3766 
940.2462 
995.6731 
1058.0023 
1100.9909 
1105.9244 
1072.4845 
1013.0012 
953.3988 
920.5554 
927.1660 
973.9845 
1038.9749 
1093.0503 
1111.0346 
1084.4615 
1026.4365 
965.7054 
923.5201 
922.0802 
962.4219 
1026.0327 
1087.3821 
1117.8036 
1101.9697 
1049.3343 
980.0370 
923.7016 
909.1715 
942.9484 
1008.5847 
1077.4273 
1116.8777 
1112.1344 
1065.8483 
999.1994 
940.8495 
917.0079 
938.3712 
996.7013 
1067.1468 
1119.6776 
1132.1177 
1100.3286 
1040.4146 
980.3527 
948.2695 
960.6472 
1012.6188 
1081.9311 
1138.5207 
1159.8960 
1138.0955 
1082.9665 
1018.1289 
974.7958 
973.8430 
1017.7036 
1085.5904 
1148.2650 
1177.3611 
1159.6907 
1104.0208 
1034.5824 
983.2473 
972.5233 
1006.6935 
1068.3355 
1131.5507 
1169.2361 
1164.4517 
1118.6795 
1052.0298 
994.8899 
975.4258 
995.8433 
1050.0878 
1113.5577 
1152.1449 
1153.1586 
1112.4039 
1045.3151 
983.5658 
949.2732 
957.1865 
1002.2532 
1065.1327 
1116.8206 
1132.9931 
1107.0109 
1045.5128 
975.2365 
928.0244 
922.3870 
959.9662 
1023.5058 
1083.7079 
1116.8466 
1106.3793 
1053.6510 
984.3992 
927.7947 
907.5058 
935.1621 
996.4831 
1062.1867 
1101.2130 
1098.7666 
1057.6797 
996.5084 
941.3794 
920.0200 
945.6228 
1011.4808 
1097.9040 
1179.9316 
1238.9603 
1278.1525 
1303.9051 
1325.9188 
1364.9920 
1404.0704 
1460.4261 
1521.0875 
1564.3301 
1577.7377 
1547.5974 
1483.1869 
1408.6184 
1349.8656 
1331.3090 
1358.9893 
1411.3827 
1462.2103 
1483.4632 
1456.6940 
1390.8241 
1308.7334 
1240.2590 
1206.4718 
1219.3238 
1265.2835 
1314.4953 
1338.0995 
1319.0762 
1257.8559 
1173.3663 
1095.3588 
1049.0401 
1044.7152 
1077.6284 
1122.7973 
1150.4781 
1144.8495 
1096.0073 
1019.4398 
944.1176 
891.5190 
880.6462 
909.6534 
959.0235 
1002.8075 
1013.5090 
979.9066 
913.5764 
838.2056 
783.6562 
772.6560 
799.4555 
849.8386 
895.9588 
906.4434 
876.1848 
809.8398 
730.4481 
662.5271 
627.9348 
634.9255 
678.5352 
731.3156 
765.9872 
766.2200 
732.9300 
678.0875 
629.6860 
614.2690 
646.1320 
716.9943 
802.9917 
875.1237 
903.3822 
882.8783 
829.1558 
770.9312 
737.5656 
746.5366 
792.3089 
860.3506 
921.3353 
949.4389 
936.9980 
888.2622 
826.6243 
779.3977 
770.2697 
805.3394 
871.7083 
942.0468 
986.4503 
988.3993 
947.6523 
888.5452 
839.4116 
823.9590 
856.2890 
922.1313 
995.3049 
1045.3969 
1058.5686 
1029.9416 
975.7194 
923.4368 
902.4066 
924.8751 
982.6431 
1055.6813 
1115.1808 
1138.0286 
1116.8519 
1064.0420 
1007.6686 
978.0017 
987.8320 
1037.3005 
1107.3236 
1168.2122 
1195.8832 
1179.1543 
1126.2555 
1060.5628 
1012.6110 
1003.4912 
1035.5745 
1097.4870 
1160.4931 
1196.2624 
1193.1817 
1150.4700 
1089.1902 
1039.4680 
1021.4863 
1045.9487 
1103.0290 
1168.9580 
1215.2732 
1223.2931 
1191.2931 
1131.9312 
1075.0534 
1047.8273 
1063.0773 
1116.3439 
1185.7403 
1241.9756 
1262.1081 
1238.1254 
1181.5333 
1116.4825 
1074.7009 
1074.1035 
1114.5385 
1181.7492 
1247.0752 
1282.7557 
1274.8414 
1227.0332 
1163.5259 
1114.0400 
1103.1097 
1136.3953 
1200.7212 
1270.2838 
1313.8030 
1313.4144 
1271.2520 
1207.4829 
1148.7970 
1122.9764 
1141.4598 
1199.6663 
1269.6357 
1321.3088 
1332.3090 
1297.9482 
1235.7845 
1174.3119 
1141.5087 
1152.6857 
1203.0400 
1270.1925 
1325.8685 
1344.1282 
1316.8657 
1259.5768 
1193.6435 
1150.6523 
1152.5793 
1192.7036 
1257.4131 
1317.3934 
1340.0099 
1319.6755 
1262.0407 
1189.7224 
1139.6406 
1128.2036 
1160.5453 
1221.4673 
1281.6919 
1315.4811 
1306.3934 
1257.0213 
1187.2165 
1125.6939 
1097.5903 
1114.3789 
1166.7868 
1230.0455 
1272.9524 
1275.7595 
1234.8263 
1165.5776 
1098.9520 
1058.8916 
1060.4677 
1099.7748 
1157.4419 
1203.2290 
1216.1617 
1185.1661 
1122.4253 
1053.5539 
1007.7817 
1000.1210 
1035.6827 
1098.4265 
1154.3089 
1180.7708 
1163.3524 
1106.3044 
1033.3712 
975.2230 
955.4743 
982.4106 
1040.4796 
1104.0688 
1145.9750 
1144.4329 
1098.7404 
1028.0323 
962.1040 
929.9219 
943.0942 
993.8332 
1060.8316 
1112.7145 
1126.6313 
1095.2680 
1031.2166 
963.5605 
920.7248 
921.6456 
964.9267 
1030.1225 
1089.2041 
1115.2885 
1095.7188 
1039.8100 
971.7211 
923.5016 
915.8212 
951.4210 
1016.3313 
1080.4682 
1115.5752 
1103.2051 
1051.2127 
983.0426 
928.9672 
915.1591 
946.8606 
1011.1318 
1079.7823 
1123.4449 
1124.5919 
1083.5303 
1019.1995 
962.6856 
939.9409 
962.9742 
1019.7463 
1087.8125 
1138.1759 
1151.9860 
1121.0936 
1061.2986 
1001.8154 
969.6800 
978.2203 
1025.5951 
1095.8438 
1154.5834 
1177.4880 
1154.6849 
1095.6593 
1026.6408 
976.9899 
967.4296 
1000.9199 
1061.6379 
1121.6823 
1153.7655 
1143.6807 
1095.4804 
1030.4878 
975.7546 
956.8659 
982.3514 
1042.5200 
1108.8536 
1153.4889 
1158.7614 
1122.5461 
1059.5928 
997.7338 
960.7182 
966.1343 
1009.6478 
1069.7268 
1120.0619 
1132.6354 
1101.5854 
1041.3833 
975.5613 
933.1140 
931.4608 
973.6333 
1037.6015 
1094.0844 
1117.1483 
1095.9362 
1037.8877 
967.2614 
914.9951 
902.3327 
932.9707 
991.4201 
1055.7190 
1091.3569 
1082.4740 
1035.2474 
969.6608 
915.0930 
896.0407 
920.5749 
977.2690 
1040.6573 
1082.1098 
1082.5745 
1042.0163 
978.4673 
917.5453 
888.7508 
905.4317 
961.7597 
1028.4853 
1078.4585 
1088.9691 
1054.1133 
989.1027 
921.1517 
879.9655 
885.4598 
931.3751 
998.1999 
1058.3686 
1084.8027 
1065.8883 
1009.3897 
944.2395 
897.4045 
889.8996 
924.1427 
986.4870 
1048.9284 
1083.1223 
1072.8421 
1024.7116 
959.2450 
905.9231 
888.0476 
913.2766 
970.9333 
1035.4224 
1078.0854 
1080.3305 
1041.8509 
978.6232 
918.8691 
889.4189 
901.7891 
952.7150 
1019.4568 
1072.0923 
1089.3006 
1063.6598 
1006.4061 
940.6354 
898.1339 
896.5528 
935.4615 
998.3525 
1055.2433 
1081.1139 
1066.7200 
1014.3109 
949.8212 
903.1683 
894.3979 
926.9122 
987.7690 
1050.8520 
1086.5988 
1081.2569 
1037.3034 
974.2542 
920.0537 
897.7769 
915.5404 
967.4562 
1030.4934 
1075.8608 
1084.7011 
1052.1886 
992.0588 
931.2944 
897.7713 
909.1081 
960.3597 
1028.9521 
1087.2675 
1108.1282 
1082.7968 
1024.7880 
959.6377 
918.8261 
925.0729 
975.3944 
1055.2625 
1137.6092 
1203.4230 
1243.0419 
1269.9893 
1291.2650 
1323.0163 
1371.0577 
1439.5441 
1506.2258 
1561.5612 
1588.2968 
1573.4470 
1519.7553 
1446.0520 
1380.6005 
1347.4573 
1353.1502 
1391.6969 
1439.5064 
1472.3340 
1468.4631 
1423.1145 
1350.9860 
1281.4339 
1237.4482 
1233.8516 
1266.6791 
1316.2949 
1352.3527 
1349.0865 
1302.9117 
1224.1978 
1138.2377 
1073.0267 
1048.2400 
1062.9756 
1107.4312 
1147.4745 
1159.4044 
1129.3221 
1062.9147 
981.2370 
911.8403 
877.5163 
887.8937 
930.3699 
980.0000 
1011.1068 
998.1458 
943.9189 
867.5690 
796.6011 
759.3560 
766.4828 
809.3022 
861.4851 
895.7752 
890.2882 
839.4862 
761.7020 
683.8417 
633.7902 
626.0716 
658.8859 
711.5076 
754.7502 
769.1753 
744.6616 
691.5171 
634.9475 
603.0780 
614.9122 
672.1106 
757.2776 
839.3678 
890.3839 
893.8527 
856.1578 
798.7451 
749.7094 
740.8826 
777.5887 
846.3162 
916.4066 
961.5441 
964.1427 
924.5198 
860.9089 
803.7334 
779.5138 
801.1073 
858.9014 
928.4542 
980.2226 
995.4726 
969.8894 
916.4328 
861.2693 
835.3522 
851.8843 
907.9277 
981.7761 
1046.2555 
1075.9151 
1060.3115 
1012.5904 
954.6910 
915.9595 
917.9185 
962.9281 
1034.3135 
1103.7056 
1144.4283 
1143.3878 
1104.5353 
1048.9020 
1001.7640 
989.7551 
1021.5264 
1085.2948 
1152.3623 
1195.6324 
1198.0251 
1160.8366 
1098.6826 
1040.0524 
1013.8361 
1031.6442 
1086.6233 
1155.3418 
1209.4691 
1227.0415 
1199.6928 
1140.2106 
1076.8320 
1038.4267 
1042.4911 
1088.2622 
1156.2573 
1217.0599 
1244.4435 
1225.7553 
1173.7360 
1113.7165 
1068.6497 
1062.2300 
1099.4211 
1166.5099 
1232.9605 
1271.8762 
1267.5405 
1221.0338 
1155.6491 
1100.8433 
1081.0711 
1109.6425 
1173.0788 
1245.1182 
1295.2102 
1302.0832 
1266.3932 
1206.4533 
1147.6981 
1120.1417 
1136.8774 
1191.0456 
1260.4841 
1314.7502 
1330.4731 
1303.5369 
1245.4679 
1183.7410 
1148.3144 
1155.6640 
1202.7089 
1270.0996 
1329.5483 
1354.2519 
1335.3445 
1283.1657 
1221.6001 
1174.3741 
1164.1213 
1199.8043 
1264.1568 
1329.0696 
1366.1597 
1359.4827 
1315.3300 
1253.1984 
1199.8764 
1181.3930 
1206.8973 
1265.9567 
1330.4457 
1375.0480 
1379.9302 
1343.6105 
1284.4271 
1227.1783 
1198.3314 
1209.9816 
1259.1560 
1323.9970 
1375.1926 
1390.2621 
1362.0309 
1302.5333 
1237.4825 
1195.1455 
1193.8748 
1233.4965 
1292.0958 
1342.5023 
1359.7511 
1334.5578 
1273.1581 
1200.6123 
1146.5966 
1127.0269 
1152.1246 
1207.2218 
1264.5452 
1295.1904 
1286.1694 
1239.4352 
1168.4666 
1103.2591 
1070.0207 
1079.1448 
1128.5029 
1187.7676 
1227.2248 
1225.9858 
1183.2446 
1115.8417 
1049.3294 
1010.7724 
1014.8642 
1057.3224 
1116.5554 
1165.4764 
1177.9777 
1145.2776 
1076.4695 
1001.4790 
950.2112 
943.4988 
981.4597 
1044.6826 
1104.0445 
1130.9807 
1111.3254 
1053.6941 
982.8158 
927.2077 
911.9539 
942.6585 
1004.3005 
1065.4083 
1100.2139 
1092.5497 
1042.4718 
971.0345 
908.4220 
883.1982 
904.6216 
962.3819 
1031.4702 
1080.1368 
1088.7268 
1052.9990 
987.3501 
924.2309 
887.8636 
893.6159 
941.5624 
1007.8690 
1063.8533 
1085.7854 
1059.4088 
1001.2864 
936.4886 
889.9964 
883.9401 
919.9137 
980.5735 
1042.1665 
1073.4779 
1061.5111 
1013.8225 
951.4552 
901.8788 
887.5444 
914.4806 
971.6068 
1032.8740 
1070.4604 
1067.8016 
1025.7672 
962.9774 
904.2487 
877.1752 
894.3661 
948.7048 
1019.1630 
1074.1381 
1090.4504 
1058.3672 
996.5130 
930.7706 
887.9208 
890.9642 
935.4273 
1000.1260 
1054.8879 
1075.4017 
1052.0513 
995.0924 
932.0432 
888.8866 
885.8422 
925.0418 
991.5449 
1053.5510 
1083.1085 
1065.6987 
1012.2827 
943.8361 
889.0408 
873.7262 
904.6972 
968.6860 
1035.1767 
1076.1999 
1075.5686 
1034.5070 
969.4667 
911.2573 
885.0879 
900.2018 
952.7066 
1017.2664 
1064.0475 
1076.4177 
1043.6630 
981.2135 
918.1305 
882.9776 
890.5226 
938.1109 
1004.7598 
1058.9988 
1078.5347 
1055.7315 
997.4212 
930.6770 
884.8428 
880.3222 
918.3038 
983.8549 
1049.6473 
1081.8122 
1071.2291 
1022.4337 
957.4411 
903.3661 
884.5812 
909.1367 
964.9856 
1028.4265 
1070.4329 
1072.1057 
1028.5006 
962.6593 
903.8704 
876.2141 
895.1203 
951.5883 
1020.3068 
1073.0876 
1087.8209 
1058.6694 
999.1873 
936.9149 
898.3462 
899.5308 
942.4104 
1005.3670 
1060.7192 
1086.6629 
1064.2220 
1006.8690 
940.5088 
891.1223 
884.1402 
922.3511 
989.4399 
1054.6489 
1090.3803 
1081.1846 
1031.0782 
962.6118 
905.3906 
884.1784 
909.9074 
969.2702 
1036.4939 
1082.9861 
1084.6678 
1043.4609 
978.4813 
920.3691 
891.8057 
906.8308 
960.9990 
1031.0232 
1084.5156 
1097.1558 
1062.3000 
997.7083 
930.7316 
891.7053 
896.6943 
943.7100 
1012.9572 
1070.9660 
1094.2764 
1073.8591 
1020.2404 
957.8533 
912.3111 
905.4014 
943.2442 
1005.3971 
1068.0579 
1105.1480 
1102.0066 
1058.4105 
995.0070 
940.9651 
920.5925 
946.6896 
1010.6661 
1095.3139 
1171.6735 
1215.4156 
1257.4880 
1283.0094 
1304.8866 
1344.9627 
1386.1310 
1441.1549 
1496.5350 
1526.8519 
1530.3263 
1493.5758 
1427.3910 
1354.4207 
1300.3696 
1286.4267 
1313.8093 
1363.0537 
1409.6773 
1426.7475 
1400.8344 
1338.1196 
1261.9402 
1201.5382 
1176.2089 
1191.3545 
1234.0292 
1278.3935 
1296.7144 
1271.5755 
1204.7526 
1113.6253 
1027.8320 
976.9846 
972.4295 
1005.3641 
1048.0815 
1071.6076 
1058.1293 
1000.5153 
915.0856 
829.8545 
769.7806 
753.5643 
777.8766 
824.1505 
861.8241 
865.3628 
826.5074 
759.8592 
689.7894 
644.0210 
640.1884 
675.3851 
732.5916 
783.2755 
800.8524 
770.8925 
701.7735 
617.9359 
549.3687 
517.6516 
536.1241 
586.9667 
649.2683 
692.5115 
699.2463 
671.9152 
628.1348 
592.3753 
592.3499 
633.1140 
707.6573 
791.8576 
854.2033 
874.6405 
849.9395 
795.8098 
741.0593 
712.6583 
725.9799 
778.2462 
848.8725 
909.1415 
935.3934 
914.7274 
860.0239 
796.8246 
752.4923 
750.2283 
791.5742 
859.4335 
929.5562 
971.6074 
971.4131 
933.8038 
877.4447 
834.4657 
828.8769 
866.6125 
935.0210 
1009.0537 
1063.1990 
1076.4446 
1048.8326 
999.1676 
954.8380 
939.6897 
967.4373 
1031.8553 
1108.3672 
1169.8137 
1193.8157 
1171.8118 
1118.4430 
1061.3727 
1029.6478 
1037.2162 
1085.5451 
1154.5379 
1216.4993 
1241.3072 
1221.2462 
1166.9150 
1098.8261 
1052.4759 
1048.3545 
1089.7139 
1153.4060 
1214.2628 
1245.6103 
1233.2401 
1182.3142 
1116.3869 
1066.6312 
1057.6258 
1091.2375 
1154.5647 
1220.3354 
1261.7611 
1259.4939 
1212.6727 
1145.3733 
1084.9691 
1057.9374 
1077.3710 
1134.1838 
1205.1929 
1261.1409 
1277.8308 
1250.8031 
1194.2660 
1135.5027 
1102.1655 
1112.8481 
1165.4994 
1237.1880 
1296.5484 
1319.1240 
1294.8809 
1235.7993 
1167.5346 
1119.3236 
1111.2032 
1147.2070 
1209.4862 
1268.7989 
1305.0152 
1298.3120 
1252.9565 
1190.8437 
1138.5189 
1121.1973 
1147.2324 
1205.2412 
1270.8186 
1315.3139 
1320.5864 
1283.7199 
1220.2917 
1158.4550 
1125.7591 
1137.5835 
1186.8263 
1249.7852 
1296.1622 
1304.4160 
1268.2108 
1197.9294 
1124.3104 
1077.6146 
1076.6393 
1115.9565 
1175.7637 
1227.2069 
1245.2312 
1218.4041 
1154.7360 
1080.4411 
1026.7349 
1013.5427 
1043.3055 
1098.1552 
1150.5451 
1175.0384 
1156.8906 
1102.4644 
1030.6678 
969.9110 
943.6592 
961.6834 
1013.5012 
1072.7576 
1106.2907 
1097.7670 
1048.6919 
978.6727 
911.9910 
878.9539 
891.7106 
940.1191 
999.7793 
1044.7864 
1053.3051 
1021.3292 
957.7666 
890.0128 
848.1067 
846.4983 
885.3016 
945.5395 
997.7887 
1019.3348 
999.2745 
947.0957 
886.0902 
840.5177 
831.2112 
860.4146 
915.0879 
969.5013 
996.5121 
983.2447 
934.5377 
870.1050 
816.7831 
798.2996 
820.6056 
871.9392 
932.8285 
976.9769 
984.9559 
957.2756 
901.7142 
845.0639 
813.8063 
818.2570 
859.2937 
916.3681 
961.8040 
978.9179 
954.6365 
900.4551 
842.6039 
804.2972 
804.4407 
842.6226 
900.6138 
955.3833 
980.4815 
963.2078 
911.4194 
847.0627 
799.0050 
788.7946 
821.3988 
882.8040 
945.8870 
985.3725 
981.5241 
935.7526 
866.9438 
807.9662 
783.5855 
803.5088 
864.1307 
932.7116 
979.2097 
983.7303 
945.7312 
881.9887 
821.2361 
787.7713 
798.5923 
849.3854 
918.6978 
975.9163 
995.8027 
969.7093 
908.1007 
838.4848 
791.5671 
789.8943 
832.1914 
899.0268 
961.2650 
990.3611 
972.0022 
915.4643 
846.7457 
797.8471 
788.9130 
825.1742 
891.1359 
954.6079 
990.1042 
981.7201 
933.0377 
868.3647 
815.7406 
797.7163 
821.6904 
877.6841 
940.4002 
985.4670 
989.5821 
950.9383 
888.8891 
827.4491 
792.9441 
800.2238 
842.4107 
904.9133 
957.5301 
975.1425 
951.7227 
895.2398 
831.2680 
790.5355 
787.6192 
825.7760 
888.5957 
947.3894 
977.8629 
965.8810 
915.3126 
850.6104 
798.9908 
782.6144 
809.5506 
865.3792 
924.4632 
959.8898 
957.4329 
914.0344 
847.9774 
789.2487 
761.2463 
777.1584 
830.7772 
897.7850 
945.7589 
952.8787 
916.4757 
851.4033 
786.4543 
750.8042 
756.1427 
804.7318 
874.6815 
932.3231 
955.1263 
931.6161 
870.8940 
797.0455 
743.5599 
732.6287 
771.1083 
835.0244 
899.2150 
936.8086 
927.3183 
877.8125 
810.4697 
754.2345 
734.8009 
763.5339 
827.7257 
894.9364 
937.8253 
936.8218 
890.7205 
818.6055 
755.1570 
726.6387 
744.6324 
801.1255 
870.6701 
923.0534 
939.0233 
907.7097 
844.8587 
780.3358 
739.4338 
742.4759 
788.2240 
857.0328 
914.5659 
936.7867 
914.7035 
855.2007 
787.6537 
742.4543 
743.6933 
789.0331 
862.1886 
935.1805 
977.4481 
982.5663 
958.1280 
937.7725 
960.5726 
1016.5474 
1147.8415 
1298.0043 
1454.8232 
1570.7363 
1582.4884 
1521.8798 
1433.5566 
1352.7152 
1307.0601 
1304.9453 
1339.8006 
1388.3604 
1422.9382 
1418.9446 
1370.6904 
1294.6494 
1214.7469 
1160.0265 
1148.2519 
1177.4652 
1226.0052 
1264.5908 
1266.7761 
1219.6129 
1134.8258 
1035.4329 
960.8481 
927.1973 
938.1667 
978.6173 
1020.2744 
1033.7070 
1002.8299 
928.9650 
837.7063 
758.1432 
714.6125 
721.7872 
763.5140 
813.6013 
844.2545 
833.9199 
781.8436 
706.0648 
630.2104 
584.4999 
583.7771 
626.4260 
691.0944 
741.7385 
752.3331 
714.5976 
641.7491 
561.7923 
511.1907 
506.1482 
544.0274 
605.8545 
661.7035 
683.4293 
660.8265 
603.6079 
542.6386 
501.8351 
502.0373 
546.7197 
623.3540 
697.9331 
743.6626 
747.0230 
709.5284 
651.9078 
603.6255 
591.3043 
622.4796 
686.0255 
749.7946 
789.6723 
788.2161 
749.0166 
689.7830 
633.9659 
607.5764 
623.5464 
673.7453 
738.3028 
790.2183 
810.4570 
789.7182 
739.4995 
683.0881 
648.3847 
654.1432 
700.2445 
771.6558 
839.2339 
876.2960 
869.8216 
824.3051 
763.5878 
716.9816 
713.2509 
752.3580 
821.3735 
895.9757 
936.7377 
935.0819 
894.9183 
828.2694 
769.9895 
746.0079 
767.3712 
826.1307 
895.8679 
946.8001 
956.3604 
923.3893 
863.2046 
803.1719 
772.4877 
783.7709 
833.2197 
901.8121 
961.1053 
985.0337 
964.7420 
906.7413 
842.0764 
800.3606 
802.2876 
849.3466 
920.9031 
987.2265 
1015.6027 
996.1271 
938.1025 
867.9441 
823.2683 
821.4766 
866.9525 
940.8337 
1011.8354 
1052.9000 
1046.6757 
997.4297 
929.4977 
872.2820 
852.0979 
878.9787 
942.1859 
1016.4119 
1068.6899 
1083.1025 
1055.1869 
998.8973 
939.0232 
906.5427 
917.4665 
962.5333 
1028.8235 
1085.1567 
1104.9289 
1085.5220 
1031.5735 
968.2097 
927.4771 
924.6309 
962.7994 
1025.6190 
1083.0708 
1114.0298 
1104.4528 
1057.4841 
993.0188 
941.0141 
924.6459 
949.4363 
1004.0362 
1061.6068 
1092.7136 
1081.0852 
1031.7299 
964.9774 
906.2487 
880.1973 
896.0137 
941.7130 
996.9623 
1035.9584 
1038.0012 
1002.3182 
938.9973 
874.4999 
835.9698 
837.1124 
879.3106 
941.6184 
992.7805 
1010.7704 
983.5729 
920.0130 
845.4586 
789.0768 
773.3755 
806.0955 
868.4293 
930.8614 
965.5286 
950.9985 
896.4881 
823.9575 
761.9626 
738.6737 
762.2596 
820.6160 
887.1067 
928.7845 
926.8918 
880.7905 
806.0244 
737.6307 
703.3866 
719.9404 
773.8501 
841.0867 
892.0125 
903.6686 
870.7330 
807.7164 
742.4735 
705.0558 
712.9870 
764.0759 
830.7248 
887.1038 
908.0236 
883.0606 
826.4271 
760.6420 
714.4438 
707.0434 
739.0996 
796.6460 
853.0790 
883.5356 
872.6224 
824.4769 
760.2042 
710.7908 
698.3817 
730.1927 
791.8292 
857.4965 
897.7514 
891.5047 
843.1190 
772.4002 
708.7677 
680.3915 
695.5672 
747.3280 
811.7268 
861.4878 
870.8746 
834.0930 
769.5712 
700.6873 
658.8444 
664.3488 
705.4641 
767.9340 
822.6410 
842.1051 
820.6048 
767.0440 
706.4971 
664.3101 
663.4541 
706.7478 
776.7165 
838.9943 
867.4304 
846.5650 
779.8996 
692.9887 
617.6333 
582.0220 
598.2621 
650.3903 
712.2465 
757.2989 
757.7857 
714.3407 
645.7614 
583.8743 
555.2992 
574.1318 
637.6594 
713.1527 
771.5156 
789.3238 
761.6862 
701.6056 
637.5648 
602.8582 
612.0619 
662.1208 
732.6585 
782.7478 
796.8680 
765.0202 
697.0023 
622.5616 
569.0708 
557.7013 
590.5044 
652.4870 
716.2528 
754.0628 
746.8129 
702.0500 
640.9988 
594.1565 
584.9005 
622.1482 
695.7875 
776.1470 
835.2534 
854.1228 
833.6420 
784.1716 
733.8002 
709.5356 
726.2255 
781.4711 
851.8932 
905.9686 
928.2738 
906.4731 
851.8775 
790.4265 
750.2097 
750.7009 
792.4825 
858.2019 
921.1394 
954.1560 
941.2019 
891.9947 
829.2611 
781.9350 
773.1645 
808.1118 
873.4575 
944.4600 
990.5953 
992.9885 
953.0980 
890.7688 
834.0129 
808.6928 
825.0164 
879.9452 
947.7979 
999.3625 
1015.4024 
989.4068 
937.3551 
887.4018 
858.1085 
870.1583 
919.5406 
983.8133 
1037.0867 
1056.1387 
1033.6871 
973.6083 
906.3565 
862.0082 
862.4953 
906.8822 
976.4912 
1042.3455 
1073.6015 
1058.0326 
1003.1609 
933.0025 
880.6207 
866.9539 
897.8113 
961.6132 
1028.7526 
1070.5313 
1069.3467 
1027.1742 
962.8839 
905.5749 
881.0711 
900.8433 
955.3329 
1019.4796 
1066.6782 
1076.8563 
1045.7901 
988.0607 
930.3312 
896.7446 
901.3335 
941.3606 
1000.6788 
1049.8580 
1064.5906 
1041.9269 
985.8477 
920.7593 
875.7070 
870.6321 
906.2463 
964.0263 
1020.4640 
1047.1208 
1031.0677 
981.9392 
918.6303 
869.3618 
856.5934 
882.9159 
938.9907 
998.6266 
1034.0531 
1029.6791 
981.0986 
905.5609 
834.5929 
800.4820 
813.9973 
866.8962 
935.0102 
985.5733 
995.8437 
958.0008 
889.9763 
821.0868 
781.1169 
784.1976 
828.9045 
894.4271 
950.6288 
972.5359 
949.5239 
891.0037 
823.6348 
774.9345 
766.3183 
803.3580 
867.0244 
927.9944 
958.6219 
945.5318 
896.6654 
832.4790 
779.8436 
761.5173 
785.5677 
840.2146 
902.3856 
943.8020 
944.9677 
905.3459 
838.4783 
778.7346 
752.5920 
770.5857 
824.8384 
892.3375 
943.9834 
952.1563 
918.6012 
856.7397 
791.4969 
755.2086 
761.1737 
806.0420 
871.9710 
929.5134 
953.3562 
933.4328 
878.0490 
812.2884 
765.5173 
758.8368 
797.2140 
863.1781 
927.5306 
961.8903 
949.9397 
896.3252 
824.1330 
765.1175 
744.1973 
770.2487 
832.4839 
901.4685 
948.2800 
954.2725 
916.3827 
853.5659 
794.6300 
761.9341 
774.1845 
824.3630 
888.7618 
942.2357 
958.0683 
930.1222 
877.1196 
819.2778 
784.5889 
789.3733 
829.2015 
890.2199 
943.4216 
960.7259 
939.1567 
883.8690 
817.5624 
769.6159 
760.0130 
794.2110 
862.0198 
928.6688 
966.3266 
959.3643 
910.6978 
841.8323 
783.8433 
764.0711 
786.7161 
842.8186 
907.4134 
954.6256 
961.3493 
925.6044 
864.2246 
804.8638 
777.2292 
794.5449 
847.9931 
914.5553 
965.3966 
977.4451 
948.2650 
889.2929 
826.6383 
787.6120 
786.0945 
824.5467 
884.9479 
940.7968 
966.7198 
949.9910 
897.0922 
834.5733 
789.1244 
781.8880 
816.8510 
879.4870 
943.2294 
981.0395 
973.8246 
926.7116 
860.5729 
804.3712 
783.0079 
805.6908 
862.0512 
930.0513 
977.3596 
984.0889 
949.2091 
889.4411 
830.3988 
798.2439 
806.2943 
852.4431 
914.4626 
962.7784 
979.8479 
954.7170 
898.8764 
838.1453 
797.7009 
797.9180 
840.4195 
904.2194 
963.4078 
991.7102 
975.8764 
922.7042 
856.4443 
806.9583 
794.6348 
825.9822 
887.2486 
952.4915 
991.6910 
986.6350 
938.9580 
873.0290 
815.9487 
793.0079 
814.3712 
872.4212 
941.0558 
990.5947 
998.7151 
962.7930 
898.8394 
834.4869 
798.8039 
810.7767 
865.2454 
934.5577 
991.2407 
1009.7805 
980.8493 
919.2408 
852.2223 
808.7025 
807.7497 
850.0864 
916.3314 
977.3257 
1009.3016 
996.7980 
945.5693 
876.8508 
828.3220 
818.2934 
851.6001 
913.2421 
976.2426 
1011.9199 
1002.0958 
953.9023 
886.4977 
829.5200 
812.2157 
838.6531 
898.1310 
964.4376 
1008.2184 
1012.6556 
974.3666 
909.4376 
846.8050 
813.1553 
823.6859 
875.2322 
945.1385 
1003.6783 
1025.6104 
1004.4940 
948.5023 
882.8246 
838.4923 
834.1607 
871.8460 
934.6657 
993.4944 
1023.0461 
1010.0327 
960.9042 
895.4389 
843.5672 
828.6389 
855.6557 
916.6161 
984.1715 
1027.5176 
1029.2975 
990.7054 
931.1186 
880.3094 
860.8193 
884.5749 
943.9533 
1016.6508 
1075.8802 
1101.1715 
1094.2867 
1076.4593 
1066.3015 
1128.5649 
1227.3563 
1365.5615 
1523.1342 
1670.7700 
1746.3212 
1741.7339 
1660.8952 
1572.5916 
1506.7664 
1483.9566 
1508.0371 
1558.7327 
1605.0166 
1618.2835 
1582.8749 
1508.9105 
1418.6354 
1341.5215 
1305.4893 
1313.3588 
1351.8237 
1393.8360 
1411.1054 
1385.2734 
1316.1336 
1223.0734 
1135.4977 
1080.8382 
1077.2333 
1108.8373 
1152.2827 
1178.0102 
1163.1097 
1103.5825 
1014.1890 
923.7477 
861.6322 
844.6311 
870.7585 
917.2487 
956.2415 
962.9256 
928.6032 
864.3244 
791.9769 
740.2162 
729.2161 
758.3260 
812.9926 
866.5457 
894.0292 
878.2700 
823.8678 
755.2754 
697.7173 
675.6991 
697.4307 
753.2190 
814.9049 
854.8215 
858.6541 
820.9171 
758.8320 
700.7630 
673.8267 
690.9149 
746.0900 
817.6883 
874.0164 
894.3239 
872.9448 
819.2223 
761.1844 
727.4010 
735.0652 
781.1222 
849.7147 
912.3120 
944.0153 
929.3282 
876.8690 
810.5624 
761.9274 
753.2732 
788.6159 
853.5449 
917.3374 
955.6090 
954.4577 
912.9907 
853.6118 
804.8515 
789.3989 
818.2225 
879.8092 
948.4624 
997.1145 
1003.8032 
967.9731 
908.0332 
852.7262 
829.3646 
851.3850 
912.0328 
984.7863 
1041.4223 
1059.2304 
1034.3887 
977.6651 
917.6499 
890.1429 
900.2381 
949.3600 
1019.0156 
1077.0244 
1101.9089 
1082.1333 
1025.6348 
959.4694 
911.7510 
904.0513 
941.8942 
1006.9467 
1073.0322 
1113.7221 
1106.1898 
1059.0780 
993.8320 
939.7901 
920.5867 
946.4259 
1007.8260 
1078.0747 
1127.5545 
1136.4203 
1103.7003 
1045.5030 
988.5423 
959.3314 
970.9816 
1021.6333 
1088.8699 
1142.9452 
1165.0638 
1144.2864 
1091.8974 
1032.6062 
996.5843 
1002.7546 
1051.7357 
1120.7597 
1185.3180 
1219.2948 
1209.9417 
1162.3296 
1098.9227 
1050.8766 
1040.0164 
1073.6135 
1137.8495 
1206.6922 
1248.3620 
1246.9477 
1204.9953 
1144.8260 
1092.6161 
1073.6660 
1097.9091 
1155.1774 
1221.3872 
1267.4827 
1274.1632 
1237.3088 
1173.8954 
1113.1427 
1081.0595 
1092.8631 
1144.2827 
1214.3150 
1272.2535 
1294.0220 
1271.5704 
1213.7063 
1147.0227 
1100.5776 
1093.1452 
1128.9790 
1189.6184 
1246.2580 
1273.9142 
1257.5460 
1202.6241 
1129.5859 
1074.8343 
1059.9539 
1090.4589 
1149.9411 
1208.8961 
1239.6036 
1224.7399 
1170.2104 
1099.3203 
1037.4920 
1012.2683 
1029.7523 
1080.7039 
1139.8110 
1179.8754 
1181.5063 
1141.4016 
1076.4726 
1012.1060 
975.4260 
981.5995 
1024.5064 
1084.8888 
1133.6970 
1146.9896 
1120.2209 
1061.1803 
994.7406 
948.9684 
943.7021 
979.2544 
1036.3145 
1086.8281 
1108.7906 
1089.3443 
1034.4561 
966.3841 
914.0503 
900.5619 
929.0536 
986.5554 
1048.1248 
1091.4709 
1092.1167 
1051.4872 
988.9739 
928.0853 
898.5509 
911.4338 
957.1330 
1016.7290 
1061.2665 
1069.3921 
1038.7488 
977.9938 
915.2070 
878.8368 
884.8767 
932.3701 
1000.8296 
1060.6312 
1079.8696 
1052.1283 
989.2884 
918.9603 
870.6754 
864.7022 
903.9018 
971.3850 
1037.2815 
1073.6686 
1064.8982 
1016.2524 
949.8163 
894.3010 
874.9876 
898.7311 
953.6254 
1021.5560 
1067.6561 
1072.0972 
1033.1954 
965.9089 
904.2503 
875.2279 
890.3418 
943.2958 
1008.6164 
1055.2226 
1067.3477 
1036.0003 
975.2625 
912.8994 
876.0208 
882.3125 
930.0385 
998.1274 
1057.3675 
1081.6747 
1058.8716 
999.4341 
930.3328 
881.4788 
874.0784 
912.5990 
979.1081 
1043.4606 
1075.9522 
1064.1544 
1013.2937 
948.3011 
895.4022 
878.6734 
906.1647 
965.6554 
1032.1581 
1076.9043 
1081.4569 
1043.8705 
980.9638 
920.7350 
888.0508 
899.3793 
948.7481 
1014.5868 
1065.7527 
1079.0461 
1048.5667 
989.8046 
927.2276 
889.3450 
893.4094 
937.1875 
1002.8594 
1061.1941 
1083.5380 
1064.1905 
1010.5796 
946.4329 
899.2926 
892.4634 
929.5809 
994.5099 
1057.7691 
1091.8972 
1081.3946 
1026.9895 
955.5126 
896.9997 
877.9474 
907.3450 
971.3437 
1043.4286 
1092.8006 
1098.8043 
1061.7071 
1001.0472 
941.8172 
912.6656 
927.7783 
984.1063 
1053.1259 
1107.8470 
1127.0951 
1101.6431 
1042.2450 
975.8985 
932.5525 
931.3454 
972.9131 
1039.0179 
1098.4666 
1123.9322 
1104.3235 
1048.5449 
984.8381 
939.0311 
931.9113 
968.3142 
1032.9117 
1097.7930 
1134.1632 
1127.4827 
1080.7116 
1014.1995 
954.3980 
928.4058 
945.6033 
995.4841 
1057.5858 
1100.3409 
1104.5673 
1073.2873 
1013.1926 
951.7535 
915.3664 
925.5534 
973.8853 
1037.9340 
1087.6897 
1104.8012 
1076.1476 
1012.4656 
945.9750 
903.2272 
902.3135 
942.6552 
1005.6325 
1064.3845 
1092.6869 
1076.8531 
1027.8115 
965.4209 
915.9350 
902.3116 
933.3988 
995.0888 
1059.6117 
1099.1974 
1096.6163 
1053.9300 
990.1679 
934.8145 
913.1608 
935.2440 
993.9440 
1066.4024 
1124.2015 
1146.7209 
1130.9156 
1093.9211 
1074.7180 
1121.2369 
1217.5247 
1358.0505 
1515.9171 
1661.6899 
1758.9859 
1786.2111 
1706.8265 
1614.7392 
1545.6546 
1525.2631 
1551.4259 
1602.5986 
1648.4284 
1656.0076 
1616.8902 
1539.0885 
1448.7714 
1375.4994 
1342.1651 
1354.7577 
1397.6809 
1445.3558 
1468.2594 
1447.6361 
1384.7623 
1297.5560 
1214.8701 
1163.0080 
1155.4221 
1184.0447 
1225.1528 
1250.5848 
1235.8272 
1181.2195 
1101.8915 
1023.6649 
974.4004 
969.7839 
1003.3501 
1056.9798 
1100.1462 
1105.5194 
1064.8452 
993.4673 
918.5819 
868.4899 
861.2668 
897.7025 
959.8022 
1016.6741 
1041.1955 
1019.9125 
959.9847 
885.2965 
823.4295 
795.5420 
815.0279 
865.8973 
921.6523 
955.6389 
949.1353 
902.5537 
835.0089 
776.9581 
752.0561 
771.9635 
829.1821 
900.2622 
954.3937 
969.4329 
940.9495 
884.2656 
826.3412 
794.2907 
805.2909 
855.6840 
924.7713 
984.5728 
1008.5184 
987.9661 
933.7656 
869.3792 
823.3102 
816.4618 
854.2215 
921.8634 
988.2115 
1024.5986 
1015.8515 
967.6689 
902.8886 
852.4130 
843.4438 
879.6657 
947.7187 
1019.2491 
1065.6386 
1068.4869 
1027.4253 
962.4667 
905.4032 
882.9957 
906.0291 
968.9096 
1045.7704 
1105.3358 
1124.3430 
1098.7004 
1043.4200 
988.9764 
959.4817 
971.3464 
1021.9522 
1085.8496 
1137.7806 
1153.9629 
1127.5600 
1073.9487 
1013.0504 
972.8125 
974.0515 
1016.0074 
1083.2598 
1148.3322 
1184.1085 
1176.2688 
1129.0709 
1061.9183 
1009.3917 
994.1028 
1023.0340 
1085.3088 
1151.5899 
1193.1143 
1192.6272 
1151.6394 
1090.1564 
1038.5670 
1018.1103 
1039.5485 
1100.6349 
1170.7933 
1223.3384 
1237.9633 
1209.5831 
1152.2608 
1089.2731 
1050.5189 
1055.3032 
1104.8281 
1177.3016 
1243.1439 
1275.5672 
1260.6830 
1208.0942 
1142.5076 
1094.6159 
1086.2732 
1122.0710 
1190.5998 
1258.0387 
1297.3161 
1293.2931 
1251.0758 
1188.8300 
1136.4221 
1119.5296 
1148.6670 
1211.3250 
1281.2489 
1327.7411 
1329.5301 
1286.4363 
1217.1371 
1150.5511 
1117.2981 
1131.3757 
1184.1040 
1253.1107 
1307.6568 
1323.3051 
1294.2650 
1232.8845 
1166.6721 
1128.3658 
1132.7421 
1177.1103 
1241.0552 
1295.5296 
1314.7198 
1288.3422 
1227.5239 
1158.6958 
1108.7709 
1098.7713 
1132.2944 
1193.0973 
1252.9611 
1282.1317 
1262.6437 
1204.2518 
1129.1949 
1068.6734 
1046.5108 
1070.1715 
1127.9718 
1191.3069 
1232.0795 
1229.9979 
1182.1087 
1111.5497 
1042.7734 
1003.5064 
1014.9816 
1064.7651 
1129.7077 
1178.0234 
1190.7020 
1158.9154 
1094.3116 
1022.0613 
975.8526 
972.9728 
1011.8746 
1076.5333 
1136.3728 
1164.4897 
1146.4960 
1091.1989 
1022.7441 
971.0983 
956.6850 
985.8726 
1044.7725 
1107.1356 
1145.0796 
1140.2627 
1093.9767 
1023.8213 
961.1575 
932.1608 
949.2043 
1004.5729 
1072.8189 
1124.6297 
1136.3499 
1102.2539 
1038.5827 
972.7903 
935.0467 
942.7709 
992.1053 
1061.4177 
1118.1357 
1138.2437 
1113.6323 
1057.0039 
994.1593 
953.9685 
955.1756 
999.6021 
1068.5974 
1133.1460 
1163.0612 
1146.7525 
1091.3942 
1021.2358 
969.8273 
959.9527 
997.7437 
1065.8652 
1133.6464 
1175.1101 
1176.8053 
1134.4146 
1069.8373 
1012.3963 
985.7327 
999.8491 
1047.9373 
1107.0443 
1151.7470 
1157.9684 
1122.1659 
1062.2765 
1004.0045 
973.0503 
983.5528 
1033.6593 
1100.4501 
1154.6013 
1171.4937 
1145.2676 
1086.2036 
1019.8060 
974.7537 
971.6064 
1010.0234 
1069.2433 
1128.2178 
1158.0461 
1144.7527 
1093.4643 
1027.9021 
976.3490 
960.7007 
988.4188 
1045.3174 
1105.3454 
1143.6517 
1138.2054 
1091.5887 
1024.0440 
960.3642 
929.6909 
944.6415 
1000.4201 
1069.4478 
1122.0144 
1136.2637 
1104.1805 
1040.6834 
974.4975 
935.2476 
938.4309 
983.6256 
1050.5414 
1108.1831 
1129.4950 
1106.0513 
1048.9710 
982.3851 
934.9683 
928.0429 
970.1223 
1039.3185 
1104.6012 
1136.6686 
1124.3218 
1070.4799 
998.4767 
940.8016 
921.6574 
948.5619 
1009.5157 
1076.7263 
1121.1240 
1123.8276 
1084.2059 
1020.6989 
963.3133 
938.4987 
956.4923 
1008.3122 
1072.3807 
1121.1467 
1128.0782 
1094.7284 
1035.0244 
971.2215 
933.4618 
938.7314 
985.0175 
1052.3619 
1110.8821 
1135.3982 
1116.1948 
1058.7013 
990.4028 
941.5021 
934.1017 
970.2070 
1034.0381 
1098.3905 
1131.6138 
1121.5640 
1073.3019 
1009.0292 
955.3661 
936.5532 
960.4447 
1018.3228 
1082.9878 
1125.3384 
1126.2912 
1087.2427 
1024.4726 
965.6837 
936.6389 
952.3957 
1006.1740 
1074.1726 
1129.7713 
1146.9283 
1118.4267 
1056.0648 
990.3653 
948.9308 
947.2356 
990.2109 
1057.1709 
1118.6935 
1146.7971 
1130.1310 
1077.9367 
1015.2299 
968.9227 
961.6466 
997.5109 
1062.4399 
1126.8356 
1162.4736 
1153.4110 
1101.2789 
1029.0003 
967.0452 
942.9532 
970.5854 
1035.0123 
1109.3936 
1165.9651 
1178.3796 
1146.1085 
1087.6085 
1030.6083 
1006.2771 
1029.3500 
1101.9791 
1206.1620 
1312.4923 
1412.3751 
1474.1040 
1505.3092 
1532.0677 
1583.0355 
1653.2626 
1729.3366 
1776.7227 
1807.7653 
1808.2099 
1766.6783 
1690.7409 
1604.4251 
1536.1863 
1507.4562 
1521.5406 
1565.1976 
1610.5048 
1628.8761 
1600.5282 
1530.1130 
1438.8273 
1358.1471 
1312.7967 
1312.1902 
1346.2320 
1393.0292 
1419.5054 
1405.1718 
1348.6933 
1265.1098 
1184.6287 
1136.0024 
1126.2582 
1156.5084 
1203.5221 
1233.8391 
1220.3485 
1171.5712 
1086.1763 
996.6471 
933.0895 
914.9752 
945.2375 
1000.5998 
1053.0496 
1076.0113 
1050.8180 
990.2934 
916.6671 
857.8218 
840.1319 
865.3300 
918.8075 
973.2511 
1001.1216 
988.2756 
939.1097 
868.8913 
807.4913 
780.2308 
797.2743 
849.7258 
914.5797 
963.5014 
971.6217 
938.4885 
879.5022 
821.6293 
792.4259 
810.0358 
870.4507 
945.5227 
1007.0342 
1030.8470 
1008.3954 
952.6177 
891.2188 
853.7200 
861.4066 
908.0607 
977.5274 
1042.0760 
1072.0496 
1057.4328 
1005.2227 
939.3840 
891.6569 
882.9714 
918.5535 
980.1954 
1046.9673 
1090.3644 
1093.4996 
1056.2547 
998.1045 
948.0054 
929.9812 
954.2820 
1014.2080 
1087.7141 
1142.8602 
1156.1971 
1124.5568 
1068.2672 
1010.9228 
983.2312 
1003.0931 
1063.9335 
1140.3486 
1202.7926 
1228.4004 
1210.5290 
1157.6505 
1094.8526 
1053.4001 
1052.4885 
1093.2731 
1157.5327 
1219.0615 
1250.3729 
1237.8460 
1187.9975 
1123.8520 
1075.0129 
1065.1243 
1098.6136 
1163.5286 
1232.9848 
1276.3309 
1277.0117 
1235.8547 
1171.9098 
1112.5626 
1087.4155 
1108.3742 
1168.4726 
1240.6648 
1296.0879 
1313.2346 
1280.4314 
1218.9588 
1156.5384 
1121.6081 
1130.3341 
1180.2417 
1250.7456 
1311.9871 
1338.8754 
1321.6943 
1270.3736 
1213.4306 
1175.7629 
1177.0581 
1219.8574 
1287.6499 
1351.8462 
1384.6336 
1370.9635 
1323.0517 
1261.7953 
1211.3196 
1198.2104 
1228.8232 
1290.4807 
1357.6913 
1403.4111 
1407.6281 
1367.2864 
1306.6977 
1252.2398 
1229.7414 
1252.0548 
1312.6226 
1387.6713 
1447.9565 
1464.5332 
1433.8731 
1370.6884 
1304.0056 
1264.9379 
1270.9391 
1320.8250 
1389.7061 
1448.4551 
1472.1158 
1451.4725 
1395.4271 
1329.8555 
1284.5243 
1279.2837 
1313.1031 
1370.5527 
1424.1058 
1447.1797 
1426.0576 
1365.7920 
1293.5998 
1235.9168 
1215.5882 
1239.4797 
1294.7627 
1354.3705 
1389.6044 
1384.0776 
1334.3209 
1260.2941 
1192.1457 
1155.8127 
1162.7364 
1206.3129 
1263.5121 
1304.3163 
1307.9400 
1269.4244 
1199.1429 
1124.6395 
1074.8771 
1068.1422 
1104.8036 
1164.8920 
1219.1731 
1239.3572 
1215.7471 
1156.4559 
1085.1097 
1033.0488 
1020.7411 
1050.9041 
1110.7935 
1169.6396 
1200.7607 
1189.5382 
1137.3489 
1066.7226 
1007.3579 
984.7058 
1008.0136 
1066.6225 
1135.1789 
1181.6711 
1185.8522 
1146.0828 
1078.9434 
1012.1369 
976.6703 
987.2065 
1037.7749 
1105.5366 
1159.4328 
1174.3611 
1142.7026 
1079.9545 
1013.1995 
971.2934 
972.0467 
1014.8781 
1080.9829 
1139.7513 
1165.8027 
1147.3936 
1091.6149 
1027.1030 
980.6110 
972.7713 
1010.6141 
1073.6072 
1134.9937 
1167.7641 
1158.6834 
1110.3919 
1043.6523 
988.8904 
967.0487 
987.9510 
1041.4316 
1104.4002 
1148.1647 
1152.6969 
1116.3771 
1056.6103 
999.5948 
971.1272 
983.6607 
1034.5866 
1101.2281 
1151.7037 
1165.9366 
1136.4731 
1075.5357 
1010.4825 
968.7009 
968.8596 
1011.3612 
1077.7305 
1138.3495 
1166.8444 
1154.6103 
1104.1394 
1039.5843 
990.8183 
981.2462 
1013.6824 
1073.7410 
1135.3841 
1170.4658 
1163.0480 
1116.0420 
1052.7408 
998.1424 
977.0079 
998.3712 
1051.7841 
1114.8784 
1159.4897 
1166.1632 
1131.9809 
1071.8020 
1011.0494 
976.5764 
984.5013 
1030.8253 
1096.5379 
1151.5884 
1170.9999 
1145.6685 
1086.3855 
1020.6377 
977.7981 
978.2852 
1019.8775 
1085.2730 
1146.2218 
1176.0379 
1163.0197 
1113.0944 
1046.5357 
995.2473 
982.2304 
1013.5418 
1074.4673 
1140.9089 
1182.3831 
1176.8788 
1130.3866 
1063.4977 
1005.6472 
982.5833 
1002.8433 
1058.1310 
1124.4376 
1171.7482 
1180.4386 
1147.0725 
1087.1832 
1025.7466 
991.0375 
998.6602 
1043.1844 
1105.8912 
1158.3877 
1179.5999 
1158.7577 
1105.4300 
1044.7920 
1001.9229 
999.1478 
1037.9627 
1100.7824 
1157.8841 
1185.7311 
1171.7177 
1119.7093 
1052.9056 
1000.5672 
985.6389 
1016.6393 
1079.7375 
1148.0128 
1192.0788 
1196.0642 
1157.3623 
1091.9774 
1031.2254 
1002.2253 
1016.4513 
1065.0304 
1129.0288 
1177.2291 
1187.2287 
1157.9903 
1097.5130 
1034.5150 
999.5848 
1008.2991 
1058.4856 
1129.5286 
1187.8902 
1210.4659 
1187.0828 
1126.4027 
1057.5076 
1009.4152 
1002.6089 
1041.8084 
1107.0513 
1170.7680 
1206.4352 
1195.0184 
1145.2057 
1079.2958 
1025.9404 
1011.5990 
1042.0613 
1104.4387 
1172.3693 
1216.8142 
1219.2991 
1177.5175 
1110.4848 
1051.2200 
1028.5500 
1048.7035 
1108.0216 
1181.7378 
1239.1432 
1256.0957 
1231.1823 
1180.1224 
1137.1981 
1136.1970 
1194.6252 
1315.0665 
1471.3292 
1619.8436 
1734.2185 
1804.2893 
1808.0618 
1771.6572 
1720.5663 
1696.7540 
1714.9818 
1759.5690 
1803.0428 
1813.7060 
1780.8826 
1710.3182 
1625.1669 
1554.9378 
1522.3700 
1534.0223 
1574.5644 
1619.8256 
1641.5823 
1624.5362 
1563.8180 
1478.2637 
1397.1562 
1339.8011 
1325.5404 
1348.4716 
1386.2321 
1410.9254 
1399.1127 
1344.7628 
1261.5035 
1173.6337 
1109.4279 
1085.4141 
1102.3882 
1137.8459 
1174.5453 
1178.1705 
1137.5196 
1062.3042 
978.7188 
916.0138 
895.0223 
919.3907 
973.5204 
1031.7295 
1063.3476 
1050.6852 
997.7491 
922.5056 
854.7593 
821.3079 
835.4302 
885.8804 
947.2384 
986.5416 
984.8463 
940.3827 
869.6435 
804.0097 
769.0985 
778.3640 
832.5322 
903.3779 
961.5121 
984.3600 
962.5544 
909.8740 
853.5309 
825.3039 
842.7771 
901.9831 
981.0471 
1046.7688 
1077.3569 
1061.9595 
1009.7806 
947.7016 
904.4547 
901.6546 
941.6690 
1009.0564 
1075.7930 
1112.1632 
1104.8946 
1059.5599 
997.8530 
948.8507 
937.4945 
971.5788 
1038.7385 
1112.2357 
1164.6536 
1176.5533 
1149.5930 
1097.0969 
1045.6742 
1020.8063 
1041.6631 
1101.2867 
1173.9924 
1235.9872 
1268.2948 
1259.2456 
1219.1868 
1170.0391 
1137.6904 
1141.4069 
1181.7486 
1248.2941 
1313.0204 
1350.0696 
1345.7550 
1299.5046 
1236.5609 
1187.7949 
1176.9580 
1210.4385 
1274.3746 
1342.4973 
1385.5895 
1386.1087 
1345.5823 
1284.0267 
1229.3349 
1206.4770 
1224.2405 
1276.8425 
1340.1795 
1385.5107 
1394.9870 
1358.0894 
1292.4870 
1230.2944 
1199.1143 
1211.6880 
1262.9653 
1332.2777 
1389.0307 
1410.4725 
1390.9007 
1336.7752 
1273.6377 
1230.5671 
1228.8943 
1268.8553 
1333.4866 
1395.1553 
1426.3565 
1413.2029 
1362.5144 
1298.8356 
1252.6067 
1245.0729 
1281.4239 
1345.9912 
1413.4258 
1455.1416 
1453.2370 
1410.9292 
1348.9341 
1296.8444 
1280.2601 
1307.9518 
1370.9747 
1444.4807 
1494.6327 
1502.0057 
1463.3841 
1396.2952 
1330.2145 
1291.7049 
1295.0079 
1342.5624 
1412.3241 
1473.9875 
1499.5194 
1475.8814 
1415.1289 
1342.9717 
1288.6416 
1276.4885 
1308.8425 
1370.9422 
1431.4547 
1462.9563 
1451.7293 
1399.7210 
1331.5159 
1276.2848 
1256.3168 
1279.1271 
1333.5624 
1393.3244 
1430.1908 
1423.4096 
1373.9107 
1300.6064 
1232.6326 
1197.9873 
1208.2366 
1254.6558 
1313.7115 
1356.9164 
1363.3162 
1325.4909 
1258.9786 
1191.3528 
1150.6630 
1153.0237 
1194.5685 
1254.1610 
1301.7234 
1313.0609 
1279.6849 
1213.2452 
1141.0665 
1090.0827 
1080.0289 
1112.7489 
1171.0104 
1228.1578 
1258.7853 
1243.7103 
1190.2862 
1120.6867 
1063.0116 
1045.3866 
1072.1850 
1129.5227 
1191.0110 
1229.6141 
1226.5931 
1181.2117 
1113.1423 
1052.5712 
1026.4076 
1043.6814 
1094.9913 
1159.0890 
1206.4151 
1215.8063 
1183.2826 
1122.7210 
1055.3183 
1013.4583 
1015.6964 
1061.9825 
1129.9523 
1189.1925 
1213.6911 
1190.1679 
1132.8868 
1065.7680 
1017.5570 
1012.9372 
1050.6270 
1114.6530 
1177.5656 
1211.2287 
1200.6294 
1150.1374 
1083.7048 
1028.4466 
1008.6582 
1032.5497 
1088.4990 
1150.6645 
1190.6114 
1194.4440 
1158.6348 
1097.9638 
1037.7350 
1007.9796 
1022.1880 
1073.8065 
1139.6452 
1193.4481 
1209.8233 
1181.3917 
1121.2316 
1057.2731 
1018.0090 
1020.6335 
1062.5096 
1127.3985 
1187.4251 
1211.9289 
1190.7810 
1133.8690 
1067.5624 
1019.6159 
1011.6116 
1047.5809 
1114.6698 
1182.7551 
1222.8178 
1218.0749 
1167.8051 
1097.1736 
1037.3532 
1013.9812 
1035.9611 
1093.2713 
1161.1089 
1208.9966 
1215.1054 
1177.8646 
1114.3250 
1051.8125 
1020.5490 
1035.2298 
1085.7983 
1150.7221 
1200.0139 
1209.1826 
1177.4132 
1117.0478 
1054.4177 
1014.6715 
1020.0467 
1067.2888 
1134.8335 
1195.0652 
1221.8027 
1203.3434 
1146.8448 
1079.8626 
1031.2843 
1022.7246 
1055.5978 
1118.7367 
1183.3835 
1217.5937 
1209.3298 
1162.3043 
1097.5893 
1042.1074 
1022.3766 
1046.5963 
1102.2367 
1164.2614 
1205.5078 
1206.8742 
1173.4343 
1113.4551 
1055.1544 
1025.8822 
1037.9816 
1085.9968 
1148.8430 
1195.7189 
1212.2201 
1186.0309 
1126.5333 
1065.6552 
1026.9472 
1029.0393 
1073.7591 
1138.3828 
1198.5070 
1229.6892 
1216.7352 
1166.0694 
1100.3124 
1046.5067 
1030.0269 
1056.3895 
1113.9207 
1177.0037 
1216.5172 
1214.0609 
1170.6313 
1106.3382 
1050.3232 
1027.7243 
1046.9277 
1101.2713 
1167.6019 
1219.3030 
1230.3289 
1196.2073 
1132.9502 
1067.8778 
1028.0303 
1034.4768 
1082.8906 
1150.7631 
1206.0878 
1224.9765 
1199.6451 
1140.4088 
1075.3051 
1033.7281 
1034.2152 
1076.8413 
1143.6768 
1206.0655 
1237.3215 
1223.4328 
1170.8143 
1102.0958 
1048.6476 
1033.9539 
1064.5453 
1124.7742 
1189.1400 
1228.5861 
1223.8018 
1179.7483 
1115.0835 
1058.6134 
1036.2694 
1058.2015 
1115.6491 
1184.1155 
1231.7715 
1238.0640 
1199.7691 
1137.0000 
1074.7233 
1042.1845 
1057.0068 
1112.7375 
1185.4746 
1244.8802 
1262.4925 
1236.8930 
1180.2666 
1119.6286 
1086.5635 
1100.9168 
1164.6022 
1263.4195 
1389.2027 
1500.0940 
1578.2346 
1618.3803 
1643.2557 
1671.3735 
1701.8022 
1728.5635 
1775.6733 
1824.8180 
1853.7649 
1841.0642 
1786.5607 
1708.2166 
1636.5287 
1594.5497 
1594.4548 
1633.6745 
1684.4571 
1718.4625 
1714.7830 
1664.1268 
1587.5305 
1511.2011 
1458.2721 
1446.1112 
1472.2814 
1516.1120 
1550.7152 
1551.3807 
1507.2590 
1425.7003 
1333.4621 
1260.5972 
1227.5552 
1237.9566 
1275.3815 
1310.6199 
1315.3290 
1276.9705 
1200.4962 
1106.8933 
1029.6003 
990.3750 
994.7276 
1033.3465 
1084.4148 
1112.9268 
1100.0972 
1046.0764 
971.0641 
903.6540 
870.3213 
881.8354 
927.4557 
984.1053 
1022.7920 
1021.7048 
974.7039 
895.9463 
816.3043 
767.1059 
762.9695 
799.8962 
867.5661 
926.0513 
949.5242 
932.4807 
884.2987 
829.0107 
795.9187 
802.9173 
853.7834 
931.9517 
1007.8234 
1052.1844 
1051.3995 
1010.2027 
949.5298 
900.5026 
886.8694 
915.8006 
978.6250 
1048.0018 
1094.9113 
1103.7836 
1068.5659 
1007.1715 
947.6627 
917.9913 
932.1996 
984.5182 
1056.1166 
1116.6640 
1141.0041 
1121.9320 
1069.7801 
1009.2731 
970.1478 
973.4923 
1022.3614 
1096.9562 
1168.5372 
1204.5602 
1196.0838 
1151.8713 
1094.2042 
1053.6835 
1050.5801 
1088.6976 
1158.6663 
1230.5813 
1274.3791 
1271.7960 
1230.2555 
1166.0318 
1108.9296 
1089.8774 
1116.1536 
1176.7287 
1246.0062 
1293.2522 
1299.8825 
1264.3570 
1203.6972 
1142.9794 
1112.2397 
1126.2648 
1179.7131 
1249.3231 
1305.4270 
1324.6750 
1298.6874 
1238.0828 
1169.3151 
1128.1289 
1133.4504 
1182.4860 
1254.3504 
1319.5588 
1353.1854 
1343.3154 
1294.7363 
1234.0633 
1189.5060 
1181.6663 
1220.7740 
1287.9164 
1355.4173 
1395.3872 
1391.1770 
1347.1351 
1284.6243 
1236.3420 
1222.8982 
1253.4294 
1316.9893 
1388.7935 
1439.7948 
1449.9372 
1418.6572 
1360.3653 
1302.6030 
1271.2556 
1284.2698 
1336.6438 
1405.6201 
1458.2556 
1475.1373 
1448.5187 
1390.4610 
1329.5852 
1293.7383 
1301.0615 
1350.7626 
1419.7877 
1481.3144 
1509.5889 
1487.9954 
1430.4871 
1361.0242 
1310.0983 
1294.7118 
1321.1666 
1375.5438 
1432.1473 
1464.6397 
1456.1180 
1409.1120 
1341.7431 
1281.7713 
1254.3451 
1269.9488 
1322.4819 
1386.2262 
1431.5574 
1434.7501 
1393.1699 
1322.8942 
1251.3422 
1210.1470 
1214.0766 
1258.8650 
1326.0175 
1377.5382 
1389.5320 
1353.4013 
1281.5827 
1204.4510 
1152.3571 
1147.0845 
1181.5414 
1238.6138 
1290.2032 
1310.0181 
1286.8155 
1227.4409 
1155.1226 
1099.1178 
1081.7462 
1108.7378 
1163.3343 
1220.3115 
1252.0027 
1243.6186 
1197.0528 
1130.4977 
1072.5772 
1049.5133 
1067.1969 
1118.4869 
1181.9136 
1226.3795 
1231.7642 
1194.8100 
1132.7608 
1071.1924 
1037.0725 
1044.6952 
1090.0000 
1155.2295 
1210.7541 
1226.9266 
1200.3843 
1140.5408 
1071.9833 
1023.4106 
1016.9471 
1054.5135 
1120.2130 
1179.2143 
1206.6459 
1189.7527 
1143.5040 
1080.2254 
1029.8869 
1016.3985 
1044.5355 
1102.3652 
1163.6791 
1204.8653 
1203.9125 
1162.3600 
1100.5749 
1043.5276 
1019.6349 
1040.1280 
1092.3069 
1156.0604 
1202.5115 
1210.3512 
1176.0265 
1114.3111 
1052.0880 
1014.9979 
1022.0762 
1069.8462 
1137.4247 
1195.0664 
1215.6759 
1190.5752 
1131.3351 
1062.0490 
1015.1130 
1011.6544 
1053.0138 
1121.8517 
1188.1963 
1222.4236 
1208.4653 
1155.7378 
1086.9049 
1029.9497 
1011.8686 
1039.2071 
1099.4247 
1167.9072 
1211.6970 
1212.8883 
1174.7065 
1111.0244 
1052.5245 
1026.3820 
1042.2228 
1094.1395 
1159.9700 
1210.8959 
1224.4609 
1192.0143 
1127.8751 
1061.1923 
1022.4618 
1027.2787 
1072.1249 
1139.8823 
1198.4084 
1222.0691 
1201.4258 
1145.4271 
1078.8147 
1030.6036 
1023.1600 
1057.6200 
1118.9798 
1184.0522 
1219.8985 
1211.6439 
1164.1269 
1098.4213 
1045.2389 
1028.1973 
1054.2487 
1110.5924 
1172.7812 
1212.4329 
1214.1057 
1173.6394 
1108.7678 
1047.8190 
1015.4592 
1026.7877 
1075.6781 
1140.0769 
1192.8157 
1210.1675 
1186.0556 
1130.2620 
1071.2509 
1035.0323 
1037.6568 
1076.2704 
1139.2269 
1196.4298 
1223.7901 
1207.4624 
1153.7138 
1086.6873 
1040.9963 
1035.8485 
1074.5809 
1144.5496 
1213.0935 
1253.4806 
1251.6175 
1206.9766 
1142.8405 
1088.6939 
1067.4818 
1090.0311 
1146.2632 
1211.2209 
1258.2055 
1262.8522 
1223.8412 
1160.3016 
1100.6538 
1071.7765 
1087.2298 
1138.5357 
1206.8307 
1261.2788 
1275.4872 
1245.6711 
1184.4084 
1118.3944 
1078.6481 
1083.4096 
1130.6062 
1199.5908 
1260.0185 
1286.4491 
1266.9723 
1206.1540 
1134.7821 
1081.1373 
1066.0980 
1097.2746 
1157.7005 
1219.4535 
1253.6638 
1247.0358 
1202.0768 
1139.5379 
1084.7971 
1063.1421 
1083.7258 
1135.0465 
1191.6593 
1228.3969 
1226.5055 
1188.0259 
1124.4481 
1064.7465 
1037.7188 
1050.6141 
1102.9495 
1172.6318 
1225.2673 
1243.6624 
1218.4953 
1160.4376 
1104.8921 
1079.8550 
1105.8701 
1193.7287 
1335.2124 
1482.5595 
1601.5760 
1676.4563 
1714.5350 
1722.9180 
1685.6712 
1664.4994 
1682.1678 
1729.5975 
1784.7610 
1812.9384 
1797.4623 
1740.3769 
1660.4036 
1585.7631 
1542.0149 
1543.2195 
1580.7958 
1629.6287 
1660.5609 
1652.7443 
1598.8479 
1514.6072 
1427.2162 
1367.3932 
1350.2131 
1371.2267 
1413.1342 
1443.8556 
1439.1364 
1390.7665 
1306.7670 
1213.9119 
1141.2626 
1108.6318 
1120.0210 
1157.1890 
1192.8823 
1197.0472 
1156.5308 
1079.4339 
985.5170 
910.4399 
876.6668 
890.6993 
937.7415 
991.8296 
1023.7553 
1013.2113 
962.2290 
891.6891 
831.6064 
804.2332 
817.2610 
862.4426 
915.7900 
950.1881 
945.4701 
898.5358 
830.0070 
761.0092 
719.9500 
723.2530 
769.3046 
835.5668 
892.9140 
920.6057 
909.6177 
867.7625 
818.6438 
792.2076 
805.3077 
859.2264 
936.4452 
1009.2295 
1049.9983 
1044.6243 
1001.2554 
941.3315 
894.6045 
884.7159 
919.4398 
985.4282 
1055.9475 
1104.3332 
1109.6441 
1071.9259 
1008.7009 
947.1098 
919.5451 
938.6368 
995.8553 
1072.2739 
1134.7799 
1159.1786 
1133.3800 
1077.6122 
1020.0658 
989.4553 
1002.9899 
1058.8310 
1137.2089 
1203.7210 
1237.2628 
1220.9335 
1168.1729 
1105.3897 
1064.5447 
1066.9449 
1117.6637 
1195.3593 
1269.6549 
1309.6418 
1302.1514 
1254.1590 
1188.3624 
1135.7269 
1123.4380 
1156.1010 
1219.1983 
1291.1802 
1339.0027 
1343.6176 
1303.9959 
1240.0128 
1182.5654 
1159.3026 
1181.5880 
1240.2772 
1311.5417 
1365.3474 
1381.7689 
1353.8241 
1295.2298 
1237.1865 
1205.6520 
1216.4035 
1265.5694 
1334.4727 
1394.7783 
1421.2535 
1402.7700 
1350.9638 
1290.3153 
1250.0237 
1250.4879 
1294.0576 
1364.4582 
1433.1303 
1470.9533 
1464.8184 
1420.0464 
1360.7526 
1313.6134 
1302.3549 
1334.1658 
1396.9004 
1465.5805 
1511.6044 
1518.3169 
1482.8903 
1422.8856 
1366.2566 
1339.5117 
1357.2883 
1413.1623 
1482.6008 
1536.7690 
1552.4942 
1523.3427 
1462.5327 
1397.1214 
1355.8363 
1357.0209 
1399.7371 
1464.5023 
1522.4251 
1546.9289 
1525.8860 
1467.2902 
1393.0642 
1340.1153 
1327.7563 
1359.1609 
1419.7701 
1480.3794 
1512.6276 
1499.9652 
1448.3220 
1377.3866 
1316.2132 
1289.2414 
1308.5574 
1361.9376 
1422.5756 
1459.8799 
1457.1731 
1413.1108 
1344.5315 
1278.2046 
1240.5408 
1244.4749 
1283.5941 
1338.3359 
1378.5857 
1379.1149 
1340.2778 
1272.9207 
1203.2497 
1159.1837 
1155.4084 
1191.8174 
1250.0027 
1300.9100 
1319.0419 
1293.2010 
1233.8226 
1162.8521 
1110.3275 
1098.8880 
1129.6480 
1188.9607 
1249.3870 
1282.8773 
1273.3170 
1224.9730 
1159.5543 
1101.2673 
1078.5867 
1099.8192 
1151.1399 
1213.0525 
1255.9220 
1259.5382 
1221.7785 
1155.6710 
1091.9414 
1062.0339 
1073.9816 
1125.2097 
1193.6435 
1246.2790 
1261.6122 
1232.5898 
1171.6523 
1105.8221 
1062.1794 
1059.9016 
1103.1231 
1167.4528 
1226.0309 
1253.6134 
1238.4598 
1186.5443 
1121.8877 
1075.2815 
1065.4913 
1097.7990 
1157.9161 
1219.5592 
1256.9979 
1253.2429 
1210.5566 
1146.8878 
1091.6278 
1069.9484 
1090.5917 
1148.0712 
1216.3697 
1265.3007 
1274.8003 
1241.3099 
1180.7845 
1120.7518 
1089.3885 
1102.5842 
1156.7156 
1226.7899 
1284.7284 
1306.4970 
1284.0454 
1230.0739 
1170.6248 
1134.6605 
1136.5875 
1181.1120 
1247.9650 
1303.8741 
1325.5583 
1304.4025 
1248.0360 
1180.7574 
1131.7386 
1121.6085 
1154.3598 
1217.4416 
1281.9708 
1319.5581 
1314.0538 
1267.5616 
1201.7871 
1147.4640 
1123.7688 
1145.0965 
1201.5803 
1265.0070 
1306.6082 
1308.9415 
1269.6991 
1204.0502 
1141.1457 
1106.3864 
1111.1293 
1154.2416 
1215.8457 
1266.9280 
1283.8204 
1258.4251 
1201.5875 
1139.5096 
1093.5215 
1085.3789 
1117.5952 
1176.8151 
1232.1607 
1258.0193 
1241.8460 
1189.7677 
1123.3222 
1071.7037 
1057.4953 
1089.0407 
1150.0747 
1212.5414 
1248.6879 
1244.9767 
1201.1861 
1135.0813 
1076.8648 
1050.5252 
1067.0860 
1117.8250 
1186.1129 
1238.8767 
1251.0362 
1220.3287 
1159.5130 
1096.3027 
1060.6525 
1064.8393 
1109.5440 
1176.4026 
1231.9334 
1254.6537 
1234.5927 
1180.3922 
1114.4668 
1068.4759 
1063.4315 
1099.7512 
1163.9346 
1226.6012 
1258.6686 
1247.0184 
1195.4729 
1126.2410 
1072.1656 
1055.3866 
1084.0426 
1147.1400 
1212.5175 
1254.2991 
1254.2991 
1212.5175 
1146.9323 
1087.4778 
1061.3353 
1079.3290 
1133.2958 
1199.4099 
1247.4559 
1258.6686 
1226.0131 
1163.0664 
1101.4233 
1065.8236 
1072.4759 
1118.0420 
1185.8123 
1244.0513 
1267.0995 
1247.1761 
1193.4014 
1129.9290 
1085.3178 
1079.4903 
1115.8336 
1178.5130 
1240.7056 
1271.0292 
1258.4823 
1210.1105 
1144.3979 
1092.0184 
1076.9955 
1107.3665 
1168.6962 
1235.3623 
1278.4586 
1281.5712 
1244.8086 
1186.0362 
1134.4468 
1117.6657 
1151.2066 
1230.2137 
1342.1294 
1463.8880 
1562.0170 
1622.8596 
1653.3717 
1656.3513 
1656.7009 
1664.3651 
1703.9717 
1761.4778 
1810.7612 
1828.0095 
1799.3901 
1732.9682 
1650.8227 
1586.4653 
1562.1472 
1582.0325 
1632.5624 
1681.2861 
1700.9532 
1676.7715 
1611.7631 
1527.5149 
1453.5084 
1415.0174 
1421.7849 
1462.2176 
1509.8965 
1532.3234 
1511.4940 
1445.4492 
1347.3518 
1251.5301 
1187.1662 
1169.5017 
1193.9768 
1235.5401 
1263.8587 
1253.5887 
1191.0736 
1108.5764 
1018.0245 
954.5198 
936.3069 
963.0823 
1017.6678 
1065.5973 
1083.1609 
1059.1823 
998.3640 
926.9221 
872.2505 
853.6114 
875.2454 
923.3493 
971.6250 
998.6358 
982.0661 
926.2145 
852.8763 
788.7854 
760.3218 
777.9487 
835.0290 
911.2077 
969.1542 
985.7995 
968.1986 
923.6558 
881.4747 
871.0059 
907.3002 
979.7430 
1064.6353 
1131.6699 
1156.5247 
1134.9107 
1081.8927 
1023.9703 
987.9133 
992.3217 
1039.1430 
1109.2334 
1174.7649 
1210.2668 
1198.1903 
1147.1126 
1081.3159 
1031.8299 
1023.4568 
1061.8574 
1132.0981 
1206.7003 
1252.5708 
1253.1962 
1210.5099 
1144.4211 
1089.5718 
1072.4863 
1101.0491 
1166.4014 
1243.6579 
1304.1081 
1321.2297 
1293.4686 
1237.3621 
1182.3691 
1155.5181 
1173.7289 
1234.3399 
1310.9171 
1376.1497 
1405.0746 
1386.2227 
1330.7238 
1267.7859 
1227.5671 
1225.8943 
1267.7013 
1335.0373 
1399.5859 
1429.9679 
1415.7595 
1364.1877 
1299.0690 
1251.1668 
1242.3996 
1278.0307 
1341.4066 
1408.5589 
1451.1112 
1449.9266 
1407.7541 
1345.4674 
1293.3042 
1275.2461 
1298.2494 
1354.2570 
1421.2835 
1470.5160 
1481.4421 
1450.8216 
1394.5321 
1335.5681 
1303.2674 
1315.9297 
1367.5904 
1438.1479 
1498.3387 
1520.9908 
1500.8230 
1447.1184 
1383.6006 
1344.0092 
1343.1478 
1382.5286 
1448.9481 
1512.5551 
1546.2713 
1536.5776 
1486.8342 
1420.9056 
1369.0666 
1357.0181 
1387.2998 
1448.2485 
1513.6488 
1555.5549 
1554.8775 
1512.1978 
1446.0930 
1387.2487 
1361.5217 
1380.2774 
1433.1762 
1499.1374 
1548.8417 
1561.0012 
1525.7733 
1460.3286 
1392.9549 
1354.4249 
1360.5173 
1407.5323 
1474.3909 
1528.5775 
1546.5697 
1519.6803 
1460.4401 
1392.9148 
1344.7746 
1335.4513 
1371.0511 
1432.2508 
1491.2745 
1521.9020 
1507.6053 
1453.8731 
1382.9505 
1323.8354 
1303.4543 
1328.3600 
1385.6977 
1449.8745 
1490.5733 
1488.4706 
1439.4895 
1366.1936 
1298.5420 
1263.7600 
1276.5273 
1325.0753 
1386.0773 
1431.9635 
1437.0443 
1398.6245 
1332.0104 
1263.8878 
1222.2506 
1223.5027 
1264.7491 
1322.7458 
1370.5426 
1383.3200 
1350.4375 
1284.6441 
1211.0772 
1159.9864 
1150.2697 
1184.1218 
1244.8596 
1301.2925 
1326.9697 
1309.0553 
1253.4839 
1181.9347 
1122.9577 
1100.7119 
1123.8835 
1180.8549 
1245.3623 
1288.4329 
1290.1057 
1248.7573 
1181.8366 
1116.5681 
1086.0379 
1099.6045 
1149.8240 
1214.9427 
1267.1949 
1281.6447 
1249.6134 
1182.1266 
1112.8309 
1071.2283 
1075.2927 
1120.3451 
1186.7427 
1245.3855 
1267.8881 
1246.7565 
1191.2295 
1127.0829 
1081.2961 
1073.9931 
1108.2309 
